0 10 0 0 0 0 0 
0.01 10 0 0 0 0 0 
0.02 10 0 0 0 0 0 
0.03 10 0 0 0 0 0 
0.04 10 0 0 0 0 0 
0.05 10 0 0 0 0 0 
0.06 10 0 0 0 0 0 
0.07 10 0 0 0 0 0 
0.08 10 0 0 0 0 0 
0.09 10 0 0 0 0 0 
0.1 10 0 0 0 0 0 
0.11 10 0 0 0 0 0 
0.12 10 0 0 0 0 0 
0.13 10 0 0 0 0 0 
0.14 10 0 0 0 0 0 
0.15 9 0 0 0 0 0 
0.16 9 0 0 0 0 0 
0.17 9 0 0 0 0 0 
0.18 7 0 0 0 0 0 
0.19 7 0 0 0 0 0 
0.2 7 0 0 0 0 0 
0.21 7 0 0 0 0 0 
0.22 7 0 0 0 0 0 
0.23 7 0 0 0 0 0 
0.24 7 0 0 0 0 0 
0.25 6 0 0 0 0 0 
0.26 6 0 0 0 0 0 
0.27 5 0 0 0 0 0 
0.28 5 0 0 0 0 0 
0.29 5 0 0 0 0 0 
0.3 4 0 0 0 0 0 
0.31 3 0 0 0 0 0 
0.32 3 0 0 0 0 0 
0.33 3 0 0 0 0 0 
0.34 2 0 0 0 0 0 
0.35 2 0 0 0 0 0 
0.36 2 0 0 0 0 0 
0.37 2 0 0 0 0 0 
0.38 2 0 0 0 0 0 
0.39 2 0 0 0 0 0 
0.4 2 0 0 0 0 0 
0.41 2 0 0 0 0 0 
0.42 2 0 0 0 0 0 
0.43 2 0 0 0 0 0 
0.44 2 0 0 0 0 0 
0.45 2 0 0 0 0 0 
0.46 2 0 0 0 0 0 
0.47 2 0 0 0 0 0 
0.48 2 0 0 0 0 0 
0.49 2 0 0 0 0 0 
0.5 2 0 0 0 0 0 
0.51 2 0 0 0 0 0 
0.52 2 0 0 0 0 0 
0.53 2 0 0 0 0 0 
0.54 2 0 0 0 0 0 
0.55 2 0 0 0 0 0 
0.56 2 0 0 0 0 0 
0.57 2 0 0 0 0 0 
0.58 2 0 0 0 0 0 
0.59 2 0 0 0 0 0 
0.6 2 0 0 0 0 0 
0.61 2 0 0 0 0 1 
0.62 1 0 0 0 0 1 
0.63 1 0 0 0 0 1 
0.64 1 0 0 0 0 1 
0.65 1 0 0 0 0 7 
0.66 1 0 0 0 0 7 
0.67 1 0 0 0 0 7 
0.68 1 0 0 0 0 7 
0.69 1 0 0 0 0 7 
0.7 1 0 0 0 0 7 
0.71 1 0 0 0 0 7 
0.72 1 0 0 0 0 7 
0.73 1 0 0 0 0 7 
0.74 1 0 0 0 0 7 
0.75 1 0 0 0 0 7 
0.76 1 0 0 0 0 7 
0.77 1 0 0 0 0 7 
0.78 1 0 0 0 0 7 
0.79 1 0 0 0 0 8 
0.8 1 0 0 0 0 8 
0.81 1 0 0 0 0 8 
0.82 1 0 0 0 0 8 
0.83 1 0 0 0 0 8 
0.84 1 0 0 0 0 8 
0.85 1 0 0 0 0 8 
0.86 1 0 0 0 0 8 
0.87 1 0 0 0 0 8 
0.88 1 0 0 0 0 8 
0.89 1 0 0 0 0 8 
0.9 1 0 0 0 0 8 
0.91 1 0 0 0 0 8 
0.92 1 0 0 0 0 8 
0.93 1 0 0 0 0 28 
0.94 1 0 0 0 0 28 
0.95 1 0 0 0 0 28 
0.96 1 0 0 0 0 28 
0.97 1 0 0 0 0 28 
0.98 1 0 0 0 0 28 
0.99 1 0 0 0 0 28 
1 1 0 0 0 0 28 
1.01 1 0 0 0 0 28 
1.02 1 0 0 0 0 28 
1.03 1 0 0 0 0 28 
1.04 1 0 0 0 0 28 
1.05 1 0 0 0 0 28 
1.06 1 0 0 0 0 28 
1.07 1 0 0 0 0 28 
1.08 1 0 0 0 0 28 
1.09 1 0 0 0 0 29 
1.1 1 0 0 0 0 34 
1.11 1 0 0 0 0 34 
1.12 1 0 0 0 0 34 
1.13 1 0 0 0 0 34 
1.14 1 0 0 0 0 34 
1.15 1 0 0 0 0 34 
